problem_link,problem_name,num_occur
https://leetcode.com/problems/subsets/,Subsets,3
https://leetcode.com/problems/text-justification/,Text Justification,3
https://leetcode.com/problems/combination-sum-ii/,Combination Sum II,3
